
2 5 4 3 6 1 
5 3 2 4 1 6 
3 2 1 6 5 4 
1 6 3 2 4 5 
4 1 6 5 3 2 
6 4 5 1 2 3 

2 5 4 3 6 1 
5 3 2 4 1 6 
3 2 1 6 5 4 
1 6 3 2 4 5 
4 1 6 5 2 3 
6 4 5 1 3 2 

2 5 4 3 6 1 
5 3 2 4 1 6 
1 2 3 6 5 4 
3 6 1 2 4 5 
4 1 6 5 3 2 
6 4 5 1 2 3 

2 5 4 3 6 1 
5 3 2 4 1 6 
1 2 3 6 5 4 
3 6 1 2 4 5 
4 1 6 5 2 3 
6 4 5 1 3 2 

2 5 4 3 1 6 
5 3 2 4 6 1 
3 2 1 6 5 4 
1 6 3 2 4 5 
4 1 6 5 3 2 
6 4 5 1 2 3 

2 5 4 3 1 6 
5 3 2 4 6 1 
3 2 1 6 5 4 
1 6 3 2 4 5 
4 1 6 5 2 3 
6 4 5 1 3 2 

2 5 4 3 1 6 
5 3 2 4 6 1 
1 2 3 6 5 4 
3 6 1 2 4 5 
4 1 6 5 3 2 
6 4 5 1 2 3 

2 5 4 3 1 6 
5 3 2 4 6 1 
1 2 3 6 5 4 
3 6 1 2 4 5 
4 1 6 5 2 3 
6 4 5 1 3 2 
